D0 = 7.619998e-10
D1 = 1.040154e-09
D2 = 7.615046e-10
D3 = 1.040539e-09
D4 = 7.597610e-10
D5 = 1.050587e-09
D6 = 7.591126e-10
D7 = 1.079154e-09
D8 = 7.563416e-10
D9 = 1.089176e-09
D10 = 7.567861e-10
D11 = 1.028605e-09
D12 = 7.726282e-10
D13 = 1.040170e-09
D14 = 7.731739e-10
D15 = 1.026639e-09
