D0 = 7.306845e-10
D1 = 7.693684e-10
D2 = 7.327084e-10
D3 = 8.144892e-10
D4 = 7.310332e-10
D5 = 7.706287e-10
D6 = 7.324595e-10
D7 = 8.131081e-10
D8 = 7.584856e-10
D9 = 7.861650e-10
D10 = 7.618154e-10
D11 = 8.339107e-10
D12 = 7.619645e-10
D13 = 7.820163e-10
D14 = 7.629685e-10
D15 = 7.880148e-10
IALL = -1.625655e-04
ITEST = -5.295386e-05
