D0 = 3.338221e-10
D1 = 3.896285e-10
D2 = 3.215413e-10
D3 = 3.868506e-10
D4 = 3.210515e-10
D5 = 3.903510e-10
D6 = 3.213992e-10
D7 = 3.718889e-10
D8 = 3.218003e-10
D9 = 3.905866e-10
D10 = 3.215769e-10
D11 = 3.860322e-10
D12 = 3.217721e-10
D13 = 3.903807e-10
D14 = 3.208964e-10
D15 = 3.725142e-10
