D0 = 4.655666e-10
D1 = 5.441539e-10
D2 = 4.644199e-10
D3 = 6.175624e-10
D4 = 4.104169e-10
D5 = 5.200900e-10
D6 = 4.644094e-10
D7 = 4.849448e-10
D8 = 4.663704e-10
D9 = 5.200045e-10
D10 = 4.644229e-10
D11 = 6.175207e-10
D12 = 4.104169e-10
D13 = 5.167476e-10
D14 = 4.660829e-10
D15 = 5.191195e-10
