D0 = 6.125106e-11
D1 = 1.994647e-10
D2 = 6.012140e-11
D3 = 2.021423e-10
