D0_0 = 5.198175e-09
D0_1 = -4.984328e-09
D0_2 = 5.194642e-09
D0_3 = -4.983648e-09
D1_0 = 0.000000e+00
D1_1 = 0.000000e+00
D1_2 = 0.000000e+00
D1_3 = 0.000000e+00
