D0 = 7.618157e-10
D1 = 6.426896e-10
D2 = 3.309520e-10
D3 = -1.511548e-10
D4 = -3.602304e-10
D5 = -8.633855e-10
D6 = -1.167658e-09
D7 = -1.606289e-09
D8 = -1.862494e-09
D9 = -1.988988e-09
D10 = FAILED
D11 = FAILED
D12 = FAILED
D13 = FAILED
D14 = FAILED
D15 = FAILED
