D0_0 = 8.538485e-11
D0_1 = 5.280303e-11
D0_2 = 1.085032e-10
D0_3 = 5.293990e-11
D0_4 = 9.727465e-11
D0_5 = 5.297443e-11
D0_6 = 1.089387e-10
D0_7 = 5.312573e-11
D1 = 8.538485e-11
D2 = 8.538485e-11
