D0 = 3.151448e-10
D1 = 3.842455e-10
D2 = 2.958270e-10
D3 = 3.831782e-10
D4 = 2.950319e-10
D5 = 3.867780e-10
D6 = 2.945554e-10
D7 = 3.680756e-10
D8 = 2.959539e-10
D9 = 3.879379e-10
D10 = 2.925402e-10
D11 = 3.833958e-10
D12 = 2.937398e-10
D13 = 3.886540e-10
D14 = 2.923284e-10
D15 = 3.677757e-10
