Exported variables from results directory:  ./lut_test.raw/

date               :  1:11:59 PM, Thur Apr 16, 2026
design             :  ; test harness for luts
simulator          :  spectre
version            :  19.1.0.455.isr11


Measurement Name   :  timeSweep
Analysis Type      :  tran
d0                    =  1.39929e-08 
d1                    =  1.24929e-08 
d10                   =  -1.0071e-09 
d11                   =  -2.5071e-09 
d12                   =  -4.0071e-09 
d13                   =  -5.5071e-09 
d14                   =  -7.0071e-09 
d15                   =  -8.5071e-09 
d2                    =  1.09929e-08 
d3                    =  9.4929e-09 
d4                    =  7.9929e-09 
d5                    =  6.4929e-09 
d6                    =  4.9929e-09 
d7                    =  3.4929e-09 
d8                    =  1.9929e-09 
d9                    =  4.92904e-10 


