D0 = 3.277133e-10
D1 = 4.291610e-10
D2 = 3.229842e-10
D3 = 4.234806e-10
D4 = 3.250082e-10
D5 = 4.243981e-10
D6 = 3.245611e-10
D7 = 4.207603e-10
D8 = 3.240688e-10
D9 = 4.289522e-10
D10 = 3.247068e-10
D11 = 4.235593e-10
D12 = 3.229702e-10
D13 = 4.243670e-10
D14 = 3.226842e-10
D15 = 4.187428e-10
IALL = -5.860480e-05
ITEST = -2.485865e-05
