D0 = 3.331513e-10
D1 = 3.886049e-10
D2 = 3.210779e-10
D3 = 3.842783e-10
D4 = 3.211239e-10
D5 = 3.887590e-10
D6 = 3.209229e-10
D7 = 3.705715e-10
D8 = 3.238912e-10
D9 = 3.895166e-10
D10 = 3.205346e-10
D11 = 3.854782e-10
D12 = 3.214554e-10
D13 = 3.891250e-10
D14 = 3.203437e-10
D15 = 3.707294e-10
