D0 = 1.069074e-09
D1 = 7.567701e-10
D2 = 1.068062e-09
D3 = 7.538603e-10
D4 = 1.083810e-09
D5 = 7.546989e-10
D6 = 1.074177e-09
D7 = 5.988254e-10
D8 = 1.120750e-09
D9 = 7.525496e-10
D10 = 1.116038e-09
D11 = 6.491299e-10
D12 = 1.072293e-09
D13 = 7.690226e-10
D14 = 1.073221e-09
D15 = 7.541137e-10
