D0 = 4.375053e-10
D1 = 3.507890e-10
D2 = 4.254154e-10
D3 = 3.490775e-10
D4 = 4.258992e-10
D5 = 3.498697e-10
D6 = 4.249893e-10
D7 = 3.534032e-10
D8 = 4.256271e-10
D9 = 3.505504e-10
D10 = 4.252202e-10
D11 = 3.493491e-10
D12 = 4.255357e-10
D13 = 3.502703e-10
D14 = 4.253247e-10
D15 = 3.525438e-10
IALL = -5.715905e-05
ITEST = -3.032946e-05
