D0_0 = 5.693458e-10
D0_1 = 7.492973e-10
D0_2 = 6.049368e-10
D0_3 = 7.505057e-10
D0_4 = 4.962136e-10
D0_5 = 7.591324e-10
D0_6 = 5.942129e-10
D0_7 = 7.604293e-10
