D0 = 4.643633e-10
D1 = 4.547293e-10
D2 = 4.424693e-10
D3 = 4.469727e-10
D4 = 4.427572e-10
D5 = 4.600050e-10
D6 = 4.361813e-10
D7 = 4.270922e-10
D8 = 4.472278e-10
D9 = 4.584043e-10
D10 = 4.423164e-10
D11 = 4.470466e-10
D12 = 4.421428e-10
D13 = 4.591573e-10
D14 = 4.362867e-10
D15 = 4.267221e-10
