D0_0 = 4.111982e-10
D0_1 = 6.239006e-10
D0_2 = 4.416523e-10
D0_3 = 6.245371e-10
D0_4 = 3.637639e-10
D0_5 = 6.250097e-10
D0_6 = 4.190470e-10
D0_7 = 6.250008e-10
