D0 = 3.330714e-10
D1 = 3.898650e-10
D2 = 3.214549e-10
D3 = 3.851648e-10
D4 = 3.215761e-10
D5 = 3.890573e-10
D6 = 3.202612e-10
D7 = 3.709446e-10
D8 = 3.239094e-10
D9 = 3.897429e-10
D10 = 3.216762e-10
D11 = 3.846204e-10
D12 = 3.210538e-10
D13 = 3.893045e-10
D14 = 3.209426e-10
D15 = 3.708510e-10
