D0 = 4.871319e-10
D1 = 4.476800e-10
D2 = 4.820254e-10
D3 = 6.100359e-10
D4 = 4.376936e-10
D5 = 3.914619e-10
D6 = 4.379367e-10
D7 = 3.791190e-10
D8 = 4.825331e-10
D9 = 4.477559e-10
D10 = 4.814002e-10
D11 = 6.076626e-10
D12 = 4.358109e-10
D13 = 3.917658e-10
D14 = 4.362092e-10
D15 = 3.785808e-10
